0 0
0 0
0 0
0 0
0 0
0.34712959382263386 0.04905092086624182
0.3886342191709923 0.11791086746692735
0.3886342191709923 0.11791086746692735
0.3886342191709923 0.11791086746692735
0.3886342191709923 0.11791086746692735
0.3402318080758186 0.11993009107229848
0.3402318080758186 0.11993009107229848
0.41215743723064413 0.17340266946854999
0.41215743723064413 0.17340266946854999
0.4903028646443501 0.21249749146305308
0.5169359818334421 0.2608004152638015
0.5169359818334421 0.2608004152638015
0.5169359818334421 0.2608004152638015
0.5885774273740991 0.3458303864811991
0.5885774273740991 0.3458303864811991
0.5885774273740991 0.3458303864811991
0.6805550431328558 0.4645355978145528
0.6805550431328558 0.4645355978145528
0.6805550431328558 0.4645355978145528
0.7725326588916123 0.5832408091479064
0.7725326588916123 0.5832408091479064
0.8043660310795564 0.6317542006805316
0.8043660310795564 0.6317542006805316
0.7871120490658983 0.6215595534210322
0.7871120490658983 0.6215595534210322
0.8238052179786044 0.6828458597113659
0.8238052179786044 0.6828458597113659
0.8599520856699632 0.733907913058866
0.8791181219583373 0.7798874456182835
0.915264989649696 0.8309494989657836
0.9716704960721236 0.9484395907583686
0.9716704960721236 0.9484395907583686
0.9716704960721236 0.9484395907583686
0.9887509156077849 0.9749309915007178
0.9887509156077849 0.9749309915007178
0.991034991871664 0.9834745898235031
0.991034991871664 0.9834745898235031
1.0071286661527363 1.0156245629692693
1.005026167874687 1.01009753243286
1.005026167874687 1.01009753243286
0.9964537061646386 0.9926407882258745
0.9964537061646386 0.9926407882258745
1.001538528161297 1.003151085659355
1.001538528161297 1.003151085659355
1.001538528161297 1.003151085659355
1.0003243556044956 1.0005593717515295
0.9996867252461539 0.9993357237721368
0.9996867252461539 0.9993357237721368
0.9996867252461539 0.9993357237721368
1.0003412994419363 1.0006900064811315
1.000074208139507 1.0001692669289177
0.9999472395184378 0.9998826802385807
